# Camellia GnuPlotUtil Mesh Points
# x                  y
0.5   -1.1432953451889e-17
0.522727272727323   -1.24452205146535e-17
0.545454545454599   -1.34574875977162e-17
0.568181818181867   -1.44697546904698e-17
0.590909090909139   -1.54820217877943e-17
0.613636363636413   -1.64942888872623e-17
0.636363636363686   -1.75065559873248e-17
0.659090909090958   -1.85188230864773e-17
0.681818181818232   -1.95310901834055e-17
0.70454545454551   -2.05433572781122e-17
0.727272727272779   -2.15556243740229e-17
0.75   -2.25678914810733e-17
0.749999999999978   0.0681818181818023
0.749999999999977   0.136363636363619
0.749999999999978   0.204545454545439
0.749999999999978   0.272727272727257
0.749999999999978   0.340909090909074
0.749999999999978   0.409090909090892
0.749999999999978   0.477272727272711
0.749999999999977   0.545454545454528
0.749999999999974   0.613636363636344
0.749999999999975   0.681818181818163
0.750000000000001   0.750000000000001
0.713959399144839   0.713959399144839
0.677918798289682   0.677918798289682
0.641878197434525   0.641878197434525
0.605837596579369   0.605837596579369
0.569796995724212   0.569796995724212
0.533756394869055   0.533756394869055
0.497715794013899   0.497715794013898
0.461675193158742   0.461675193158742
0.425634592303584   0.425634592303584
0.389593991448428   0.389593991448428
0.353553390593274   0.353553390593274
0.377874787008173   0.327430367271527
0.40027061935061   0.299638835862727
0.420626766605824   0.270320408455564
0.438839496046121   0.239624490409727
0.454815998325621   0.20770750477037
0.468474861734652   0.174732091481687
0.479746485613798   0.140866281399587
0.488573432927607   0.106282645103479
0.494910721997945   0.0711574165071528
0.498726057397011   0.0356695912687788
0.5   -7.34421595199763e-17

0.353553390593274   0.353553390593274
0.389593991448432   0.389593991448432
0.425634592303589   0.425634592303588
0.461675193158746   0.461675193158745
0.497715794013902   0.497715794013902
0.53375639486906   0.533756394869059
0.569796995724217   0.569796995724216
0.605837596579374   0.605837596579374
0.641878197434532   0.641878197434531
0.677918798289689   0.677918798289688
0.713959399144846   0.713959399144845
0.75   0.75
0.681818181818176   0.749999999999978
0.613636363636358   0.749999999999976
0.54545454545454   0.749999999999978
0.477272727272722   0.749999999999978
0.409090909090903   0.749999999999978
0.340909090909085   0.749999999999978
0.272727272727267   0.749999999999978
0.204545454545449   0.749999999999977
0.13636363636363   0.749999999999974
0.0681818181818121   0.749999999999975
9.21180424178064e-17   0.750000000000001
9.06731487808367e-17   0.727272727272729
8.92282550669238e-17   0.704545454545456
8.778336127571e-17   0.681818181818184
8.63384674503641e-17   0.659090909090912
8.48935736304976e-17   0.63636363636364
8.34486798291238e-17   0.613636363636367
8.20037860336539e-17   0.590909090909094
8.05588922309338e-17   0.568181818181822
7.91139984563207e-17   0.54545454545455
7.76691048667987e-17   0.522727272727277
7.62242118381345e-17   0.5
0.0356695912688022   0.498726057397001
0.0711574165071775   0.494910721997934
0.106282645103501   0.488573432927597
0.14086628139961   0.479746485613789
0.17473209148171   0.468474861734643
0.207707504770393   0.454815998325612
0.23962449040975   0.438839496046113
0.270320408455588   0.420626766605816
0.299638835862753   0.400270619350601
0.327430367271551   0.377874787008165
0.353553390593274   0.353553390593274

4.20491234305741e-17   0.5
4.02781023134549e-17   0.522727272727323
3.85070812166369e-17   0.545454545454599
3.67360601295104e-17   0.568181818181867
3.49650390469545e-17   0.590909090909139
3.3194017966542e-17   0.613636363636413
3.14229968867241e-17   0.636363636363686
2.96519758059962e-17   0.659090909090958
2.78809547230441e-17   0.681818181818232
2.61099336378701e-17   0.70454545454551
2.43389125539006e-17   0.727272727272779
2.25678914810733e-17   0.75
-0.0681818181818023   0.749999999999978
-0.136363636363619   0.749999999999977
-0.204545454545439   0.749999999999978
-0.272727272727257   0.749999999999978
-0.340909090909074   0.749999999999978
-0.409090909090892   0.749999999999978
-0.477272727272711   0.749999999999978
-0.545454545454528   0.749999999999977
-0.613636363636344   0.749999999999974
-0.681818181818163   0.749999999999975
-0.750000000000001   0.750000000000001
-0.713959399144839   0.713959399144839
-0.677918798289682   0.677918798289682
-0.641878197434525   0.641878197434525
-0.605837596579369   0.605837596579369
-0.569796995724212   0.569796995724212
-0.533756394869055   0.533756394869055
-0.497715794013898   0.497715794013899
-0.461675193158742   0.461675193158742
-0.425634592303584   0.425634592303584
-0.389593991448428   0.389593991448428
-0.353553390593274   0.353553390593274
-0.327430367271538   0.37787478700817
-0.299638835862739   0.400270619350607
-0.270320408455576   0.420626766605821
-0.239624490409738   0.438839496046118
-0.207707504770381   0.454815998325619
-0.174732091481698   0.468474861734649
-0.140866281399598   0.479746485613796
-0.10628264510349   0.488573432927604
-0.0711574165071651   0.494910721997942
-0.0356695912687904   0.498726057397008
1.04058329498714e-16   0.5

-0.353553390593274   0.353553390593274
-0.389593991448432   0.389593991448432
-0.425634592303588   0.425634592303589
-0.461675193158745   0.461675193158746
-0.497715794013902   0.497715794013902
-0.533756394869059   0.53375639486906
-0.569796995724216   0.569796995724217
-0.605837596579374   0.605837596579374
-0.641878197434531   0.641878197434532
-0.677918798289688   0.677918798289689
-0.713959399144845   0.713959399144846
-0.75   0.75
-0.749999999999978   0.681818181818176
-0.749999999999976   0.613636363636358
-0.749999999999978   0.54545454545454
-0.749999999999978   0.477272727272722
-0.749999999999978   0.409090909090903
-0.749999999999978   0.340909090909085
-0.749999999999978   0.272727272727267
-0.749999999999977   0.204545454545449
-0.749999999999974   0.13636363636363
-0.749999999999975   0.0681818181818121
-0.750000000000001   9.21180424178064e-17
-0.727272727272729   9.34564369607211e-17
-0.704545454545456   9.47948314266887e-17
-0.681818181818184   9.6133225815355e-17
-0.659090909090912   9.74716201698893e-17
-0.63636363636364   9.88100145299032e-17
-0.613636363636367   1.0014840890841e-16
-0.590909090909094   1.0148680329282e-16
-0.568181818181822   1.0282519766998e-16
-0.54545454545455   1.04163592075248e-16
-0.522727272727277   1.05501986665606e-16
-0.5   1.06840381816818e-16
-0.498726057397001   0.0356695912688022
-0.494910721997934   0.0711574165071775
-0.488573432927597   0.106282645103501
-0.479746485613789   0.14086628139961
-0.468474861734643   0.17473209148171
-0.454815998325612   0.207707504770393
-0.438839496046113   0.23962449040975
-0.420626766605816   0.270320408455588
-0.400270619350601   0.299638835862753
-0.377874787008165   0.327430367271551
-0.353553390593274   0.353553390593274

-0.5   7.26652934092591e-17
-0.522727272727323   6.81109841122563e-17
-0.545454545454599   6.35566748355576e-17
-0.568181818181867   5.90023655685509e-17
-0.590909090909139   5.44480563061147e-17
-0.613636363636413   4.98937470458217e-17
-0.636363636363686   4.53394377861234e-17
-0.659090909090958   4.07851285255152e-17
-0.681818181818232   3.62308192626827e-17
-0.70454545454551   3.1676509997628e-17
-0.727272727272779   2.71222007337783e-17
-0.75   2.25678914810733e-17
-0.749999999999978   -0.0681818181818023
-0.749999999999977   -0.136363636363619
-0.749999999999978   -0.204545454545439
-0.749999999999978   -0.272727272727257
-0.749999999999978   -0.340909090909074
-0.749999999999978   -0.409090909090892
-0.749999999999978   -0.477272727272711
-0.749999999999977   -0.545454545454528
-0.749999999999974   -0.613636363636344
-0.749999999999975   -0.681818181818163
-0.750000000000001   -0.750000000000001
-0.713959399144839   -0.713959399144839
-0.677918798289681   -0.677918798289682
-0.641878197434525   -0.641878197434525
-0.605837596579368   -0.605837596579369
-0.569796995724211   -0.569796995724212
-0.533756394869054   -0.533756394869055
-0.497715794013898   -0.497715794013898
-0.461675193158741   -0.461675193158742
-0.425634592303584   -0.425634592303584
-0.389593991448427   -0.389593991448428
-0.353553390593274   -0.353553390593274
-0.377874787008209   -0.327430367271549
-0.400270619350648   -0.299638835862751
-0.420626766605858   -0.270320408455586
-0.438839496046155   -0.239624490409748
-0.454815998325656   -0.207707504770391
-0.468474861734686   -0.174732091481708
-0.479746485613832   -0.140866281399608
-0.488573432927641   -0.1062826451035
-0.494910721997982   -0.071157416507176
-0.498726057397046   -0.0356695912688007
-0.5   1.34674499477446e-16

-0.353553390593274   -0.353553390593274
-0.389593991448432   -0.389593991448432
-0.425634592303589   -0.425634592303588
-0.461675193158746   -0.461675193158745
-0.497715794013903   -0.497715794013902
-0.53375639486906   -0.533756394869059
-0.569796995724217   -0.569796995724216
-0.605837596579374   -0.605837596579374
-0.641878197434532   -0.641878197434531
-0.677918798289689   -0.677918798289688
-0.713959399144846   -0.713959399144845
-0.75   -0.75
-0.681818181818176   -0.749999999999978
-0.613636363636358   -0.749999999999976
-0.54545454545454   -0.749999999999978
-0.477272727272722   -0.749999999999978
-0.409090909090903   -0.749999999999978
-0.340909090909085   -0.749999999999978
-0.272727272727267   -0.749999999999978
-0.204545454545449   -0.749999999999977
-0.13636363636363   -0.749999999999974
-0.0681818181818121   -0.749999999999975
-9.21180424178064e-17   -0.750000000000001
-9.62397251406045e-17   -0.727272727272729
-1.00361407786453e-16   -0.704545454545456
-1.04483090354999e-16   -0.681818181818184
-1.08604772889414e-16   -0.659090909090912
-1.12726455429308e-16   -0.63636363636364
-1.16848137987695e-16   -0.613636363636367
-1.20969820551985e-16   -0.590909090909094
-1.25091503109026e-16   -0.568181818181822
-1.29213185694175e-16   -0.54545454545455
-1.33334868464413e-16   -0.522727272727277
-1.37456551795502e-16   -0.5
-0.0356695912688022   -0.498726057397001
-0.0711574165071774   -0.494910721997934
-0.106282645103501   -0.488573432927597
-0.14086628139961   -0.479746485613789
-0.17473209148171   -0.468474861734643
-0.207707504770393   -0.454815998325612
-0.23962449040975   -0.438839496046113
-0.270320408455588   -0.420626766605816
-0.299638835862753   -0.400270619350601
-0.327430367271551   -0.377874787008165
-0.353553390593274   -0.353553390593274

-1.03281463387942e-16   -0.5
-9.59438659110572e-17   -0.522727272727323
-8.86062684544783e-17   -0.545454545454599
-8.12686710075915e-17   -0.568181818181867
-7.3931073565275e-17   -0.590909090909139
-6.65934761251016e-17   -0.613636363636413
-5.9255878685523e-17   -0.636363636363686
-5.19182812450347e-17   -0.659090909090958
-4.45806838023217e-17   -0.681818181818232
-3.72430863573867e-17   -0.70454545454551
-2.99054889136567e-17   -0.727272727272779
-2.25678914810733e-17   -0.75
0.0681818181818023   -0.749999999999978
0.136363636363619   -0.749999999999977
0.204545454545439   -0.749999999999978
0.272727272727257   -0.749999999999978
0.340909090909074   -0.749999999999978
0.409090909090892   -0.749999999999978
0.477272727272711   -0.749999999999978
0.545454545454528   -0.749999999999977
0.613636363636344   -0.749999999999974
0.681818181818163   -0.749999999999975
0.750000000000001   -0.750000000000001
0.713959399144839   -0.713959399144839
0.677918798289682   -0.677918798289681
0.641878197434525   -0.641878197434525
0.605837596579369   -0.605837596579368
0.569796995724212   -0.569796995724211
0.533756394869055   -0.533756394869054
0.497715794013898   -0.497715794013898
0.461675193158742   -0.461675193158741
0.425634592303584   -0.425634592303584
0.389593991448428   -0.389593991448427
0.353553390593274   -0.353553390593274
0.327430367271538   -0.37787478700817
0.29963883586274   -0.400270619350607
0.270320408455576   -0.420626766605821
0.239624490409738   -0.438839496046118
0.207707504770381   -0.454815998325619
0.174732091481698   -0.468474861734649
0.140866281399598   -0.479746485613796
0.10628264510349   -0.488573432927605
0.0711574165071651   -0.494910721997942
0.0356695912687904   -0.498726057397008
-1.65290669456082e-16   -0.5

0.353553390593274   -0.353553390593274
0.389593991448432   -0.389593991448432
0.425634592303588   -0.425634592303589
0.461675193158745   -0.461675193158746
0.497715794013902   -0.497715794013903
0.533756394869059   -0.53375639486906
0.569796995724216   -0.569796995724217
0.605837596579374   -0.605837596579374
0.641878197434531   -0.641878197434532
0.677918798289688   -0.677918798289689
0.713959399144845   -0.713959399144846
0.75   -0.75
0.749999999999978   -0.681818181818176
0.749999999999976   -0.613636363636358
0.749999999999978   -0.54545454545454
0.749999999999978   -0.477272727272722
0.749999999999978   -0.409090909090903
0.749999999999978   -0.340909090909085
0.749999999999978   -0.272727272727267
0.749999999999977   -0.204545454545449
0.749999999999974   -0.13636363636363
0.749999999999975   -0.0681818181818121
0.750000000000001   -9.21180424178064e-17
0.727272727272729   -8.82252011070184e-17
0.704545454545456   -8.67382947786832e-17
0.681818181818184   -7.90342818478919e-17
0.659090909090912   -7.07249830715657e-17
0.63636363636364   -6.79697139068514e-17
0.613636363636367   -7.03578533389266e-17
0.590909090909094   -7.03613491782158e-17
0.568181818181822   -5.93571598270164e-17
0.54545454545455   -4.0219632515535e-17
0.522727272727277   -4.64828180073337e-17
0.5   -1.68072721774186e-16
0.498726057397001   -0.0356695912688022
0.494910721997934   -0.0711574165071774
0.488573432927597   -0.106282645103501
0.479746485613789   -0.14086628139961
0.468474861734643   -0.17473209148171
0.454815998325612   -0.207707504770393
0.438839496046113   -0.23962449040975
0.420626766605816   -0.270320408455588
0.400270619350601   -0.299638835862753
0.377874787008165   -0.327430367271551
0.353553390593274   -0.353553390593274

0.75   0
17.0454545454546   0
33.3409090909091   0
49.6363636363636   0
65.9318181818182   0
82.2272727272727   0
98.5227272727273   0
114.818181818182   0
131.113636363636   0
147.409090909091   0
163.704545454545   0
180   0
180   0.0681818181818182
180   0.136363636363636
180   0.204545454545455
180   0.272727272727273
180   0.340909090909091
180   0.409090909090909
180   0.477272727272727
180   0.545454545454546
180   0.613636363636364
180   0.681818181818182
180   0.75
163.704545454545   0.75
147.409090909091   0.75
131.113636363636   0.75
114.818181818182   0.75
98.5227272727273   0.75
82.2272727272727   0.75
65.9318181818182   0.75
49.6363636363636   0.75
33.3409090909091   0.75
17.0454545454545   0.75
0.75   0.75
0.75   0.681818181818182
0.75   0.613636363636364
0.75   0.545454545454545
0.75   0.477272727272727
0.75   0.409090909090909
0.75   0.340909090909091
0.75   0.272727272727273
0.75   0.204545454545454
0.75   0.136363636363636
0.75   0.068181818181818
0.75   -1.66533453693773e-16

0.75   0.75
17.0454545454546   0.75
33.3409090909091   0.75
49.6363636363636   0.75
65.9318181818182   0.75
82.2272727272727   0.75
98.5227272727273   0.75
114.818181818182   0.75
131.113636363636   0.75
147.409090909091   0.75
163.704545454545   0.75
180   0.75
180   6.13636363636364
180   11.5227272727273
180   16.9090909090909
180   22.2954545454545
180   27.6818181818182
180   33.0681818181818
180   38.4545454545455
180   43.8409090909091
180   49.2272727272727
180   54.6136363636364
180   60
163.704545454545   60
147.409090909091   60
131.113636363636   60
114.818181818182   60
98.5227272727273   60
82.2272727272727   60
65.9318181818182   60
49.6363636363636   60
33.3409090909091   60
17.0454545454545   60
0.75   60
0.75   54.6136363636364
0.75   49.2272727272727
0.75   43.8409090909091
0.75   38.4545454545455
0.75   33.0681818181818
0.75   27.6818181818182
0.75   22.2954545454545
0.75   16.9090909090909
0.75   11.5227272727273
0.75   6.13636363636362
0.75   0.749999999999987

0   0.75
0.0681818181818182   0.75
0.136363636363636   0.75
0.204545454545455   0.75
0.272727272727273   0.75
0.340909090909091   0.75
0.409090909090909   0.75
0.477272727272727   0.75
0.545454545454546   0.75
0.613636363636364   0.75
0.681818181818182   0.75
0.75   0.75
0.75   6.13636363636364
0.75   11.5227272727273
0.75   16.9090909090909
0.75   22.2954545454545
0.75   27.6818181818182
0.75   33.0681818181818
0.75   38.4545454545455
0.75   43.8409090909091
0.75   49.2272727272727
0.75   54.6136363636364
0.75   60
0.681818181818182   60
0.613636363636364   60
0.545454545454545   60
0.477272727272727   60
0.409090909090909   60
0.340909090909091   60
0.272727272727273   60
0.204545454545454   60
0.136363636363636   60
0.068181818181818   60
0   60
0   54.6136363636364
0   49.2272727272727
0   43.8409090909091
0   38.4545454545455
0   33.0681818181818
0   27.6818181818182
0   22.2954545454545
0   16.9090909090909
0   11.5227272727273
0   6.13636363636362
0   0.749999999999987

-0.75   0.75
-0.681818181818182   0.75
-0.613636363636364   0.75
-0.545454545454545   0.75
-0.477272727272727   0.75
-0.409090909090909   0.75
-0.340909090909091   0.75
-0.272727272727273   0.75
-0.204545454545454   0.75
-0.136363636363636   0.75
-0.068181818181818   0.75
0   0.75
0   6.13636363636364
0   11.5227272727273
0   16.9090909090909
0   22.2954545454545
0   27.6818181818182
0   33.0681818181818
0   38.4545454545455
0   43.8409090909091
0   49.2272727272727
0   54.6136363636364
0   60
-0.0681818181818182   60
-0.136363636363636   60
-0.204545454545455   60
-0.272727272727273   60
-0.340909090909091   60
-0.409090909090909   60
-0.477272727272727   60
-0.545454545454546   60
-0.613636363636364   60
-0.681818181818182   60
-0.75   60
-0.75   54.6136363636364
-0.75   49.2272727272727
-0.75   43.8409090909091
-0.75   38.4545454545455
-0.75   33.0681818181818
-0.75   27.6818181818182
-0.75   22.2954545454545
-0.75   16.9090909090909
-0.75   11.5227272727273
-0.75   6.13636363636362
-0.75   0.749999999999987

-60   0.75
-54.6136363636364   0.75
-49.2272727272727   0.75
-43.8409090909091   0.75
-38.4545454545455   0.75
-33.0681818181818   0.75
-27.6818181818182   0.75
-22.2954545454545   0.75
-16.9090909090909   0.75
-11.5227272727273   0.75
-6.13636363636362   0.75
-0.75   0.75
-0.75   6.13636363636364
-0.75   11.5227272727273
-0.75   16.9090909090909
-0.75   22.2954545454545
-0.75   27.6818181818182
-0.75   33.0681818181818
-0.75   38.4545454545455
-0.75   43.8409090909091
-0.75   49.2272727272727
-0.75   54.6136363636364
-0.75   60
-6.13636363636364   60
-11.5227272727273   60
-16.9090909090909   60
-22.2954545454545   60
-27.6818181818182   60
-33.0681818181818   60
-38.4545454545455   60
-43.8409090909091   60
-49.2272727272727   60
-54.6136363636364   60
-60   60
-60   54.6136363636364
-60   49.2272727272727
-60   43.8409090909091
-60   38.4545454545455
-60   33.0681818181818
-60   27.6818181818182
-60   22.2954545454545
-60   16.9090909090909
-60   11.5227272727273
-60   6.13636363636362
-60   0.749999999999987

-60   0
-54.6136363636364   0
-49.2272727272727   0
-43.8409090909091   0
-38.4545454545455   0
-33.0681818181818   0
-27.6818181818182   0
-22.2954545454545   0
-16.9090909090909   0
-11.5227272727273   0
-6.13636363636362   0
-0.75   0
-0.75   0.0681818181818182
-0.75   0.136363636363636
-0.75   0.204545454545455
-0.75   0.272727272727273
-0.75   0.340909090909091
-0.75   0.409090909090909
-0.75   0.477272727272727
-0.75   0.545454545454546
-0.75   0.613636363636364
-0.75   0.681818181818182
-0.75   0.75
-6.13636363636364   0.75
-11.5227272727273   0.75
-16.9090909090909   0.75
-22.2954545454545   0.75
-27.6818181818182   0.75
-33.0681818181818   0.75
-38.4545454545455   0.75
-43.8409090909091   0.75
-49.2272727272727   0.75
-54.6136363636364   0.75
-60   0.75
-60   0.681818181818182
-60   0.613636363636364
-60   0.545454545454545
-60   0.477272727272727
-60   0.409090909090909
-60   0.340909090909091
-60   0.272727272727273
-60   0.204545454545454
-60   0.136363636363636
-60   0.068181818181818
-60   -1.66533453693773e-16

-60   -0.75
-54.6136363636364   -0.75
-49.2272727272727   -0.75
-43.8409090909091   -0.75
-38.4545454545455   -0.75
-33.0681818181818   -0.75
-27.6818181818182   -0.75
-22.2954545454545   -0.75
-16.9090909090909   -0.75
-11.5227272727273   -0.75
-6.13636363636362   -0.75
-0.75   -0.75
-0.75   -0.681818181818182
-0.75   -0.613636363636364
-0.75   -0.545454545454545
-0.75   -0.477272727272727
-0.75   -0.409090909090909
-0.75   -0.340909090909091
-0.75   -0.272727272727273
-0.75   -0.204545454545454
-0.75   -0.136363636363636
-0.75   -0.068181818181818
-0.75   0
-6.13636363636364   0
-11.5227272727273   0
-16.9090909090909   0
-22.2954545454545   0
-27.6818181818182   0
-33.0681818181818   0
-38.4545454545455   0
-43.8409090909091   0
-49.2272727272727   0
-54.6136363636364   0
-60   0
-60   -0.0681818181818182
-60   -0.136363636363636
-60   -0.204545454545455
-60   -0.272727272727273
-60   -0.340909090909091
-60   -0.409090909090909
-60   -0.477272727272727
-60   -0.545454545454546
-60   -0.613636363636364
-60   -0.681818181818182
-60   -0.75

-60   -60
-54.6136363636364   -60
-49.2272727272727   -60
-43.8409090909091   -60
-38.4545454545455   -60
-33.0681818181818   -60
-27.6818181818182   -60
-22.2954545454545   -60
-16.9090909090909   -60
-11.5227272727273   -60
-6.13636363636362   -60
-0.75   -60
-0.75   -54.6136363636364
-0.75   -49.2272727272727
-0.75   -43.8409090909091
-0.75   -38.4545454545455
-0.75   -33.0681818181818
-0.75   -27.6818181818182
-0.75   -22.2954545454545
-0.75   -16.9090909090909
-0.75   -11.5227272727273
-0.75   -6.13636363636362
-0.75   -0.75
-6.13636363636364   -0.75
-11.5227272727273   -0.75
-16.9090909090909   -0.75
-22.2954545454545   -0.75
-27.6818181818182   -0.75
-33.0681818181818   -0.75
-38.4545454545455   -0.75
-43.8409090909091   -0.75
-49.2272727272727   -0.75
-54.6136363636364   -0.75
-60   -0.75
-60   -6.13636363636364
-60   -11.5227272727273
-60   -16.9090909090909
-60   -22.2954545454545
-60   -27.6818181818182
-60   -33.0681818181818
-60   -38.4545454545455
-60   -43.8409090909091
-60   -49.2272727272727
-60   -54.6136363636364
-60   -60

-0.75   -60
-0.681818181818182   -60
-0.613636363636364   -60
-0.545454545454545   -60
-0.477272727272727   -60
-0.409090909090909   -60
-0.340909090909091   -60
-0.272727272727273   -60
-0.204545454545454   -60
-0.136363636363636   -60
-0.068181818181818   -60
0   -60
0   -54.6136363636364
0   -49.2272727272727
0   -43.8409090909091
0   -38.4545454545455
0   -33.0681818181818
0   -27.6818181818182
0   -22.2954545454545
0   -16.9090909090909
0   -11.5227272727273
0   -6.13636363636362
0   -0.75
-0.0681818181818182   -0.75
-0.136363636363636   -0.75
-0.204545454545455   -0.75
-0.272727272727273   -0.75
-0.340909090909091   -0.75
-0.409090909090909   -0.75
-0.477272727272727   -0.75
-0.545454545454546   -0.75
-0.613636363636364   -0.75
-0.681818181818182   -0.75
-0.75   -0.75
-0.75   -6.13636363636364
-0.75   -11.5227272727273
-0.75   -16.9090909090909
-0.75   -22.2954545454545
-0.75   -27.6818181818182
-0.75   -33.0681818181818
-0.75   -38.4545454545455
-0.75   -43.8409090909091
-0.75   -49.2272727272727
-0.75   -54.6136363636364
-0.75   -60

0   -60
0.0681818181818182   -60
0.136363636363636   -60
0.204545454545455   -60
0.272727272727273   -60
0.340909090909091   -60
0.409090909090909   -60
0.477272727272727   -60
0.545454545454546   -60
0.613636363636364   -60
0.681818181818182   -60
0.75   -60
0.75   -54.6136363636364
0.75   -49.2272727272727
0.75   -43.8409090909091
0.75   -38.4545454545455
0.75   -33.0681818181818
0.75   -27.6818181818182
0.75   -22.2954545454545
0.75   -16.9090909090909
0.75   -11.5227272727273
0.75   -6.13636363636362
0.75   -0.75
0.681818181818182   -0.75
0.613636363636364   -0.75
0.545454545454545   -0.75
0.477272727272727   -0.75
0.409090909090909   -0.75
0.340909090909091   -0.75
0.272727272727273   -0.75
0.204545454545454   -0.75
0.136363636363636   -0.75
0.068181818181818   -0.75
0   -0.75
0   -6.13636363636364
0   -11.5227272727273
0   -16.9090909090909
0   -22.2954545454545
0   -27.6818181818182
0   -33.0681818181818
0   -38.4545454545455
0   -43.8409090909091
0   -49.2272727272727
0   -54.6136363636364
0   -60

0.75   -60
17.0454545454546   -60
33.3409090909091   -60
49.6363636363636   -60
65.9318181818182   -60
82.2272727272727   -60
98.5227272727273   -60
114.818181818182   -60
131.113636363636   -60
147.409090909091   -60
163.704545454545   -60
180   -60
180   -54.6136363636364
180   -49.2272727272727
180   -43.8409090909091
180   -38.4545454545455
180   -33.0681818181818
180   -27.6818181818182
180   -22.2954545454545
180   -16.9090909090909
180   -11.5227272727273
180   -6.13636363636362
180   -0.75
163.704545454545   -0.75
147.409090909091   -0.75
131.113636363636   -0.75
114.818181818182   -0.75
98.5227272727273   -0.75
82.2272727272727   -0.75
65.9318181818182   -0.75
49.6363636363636   -0.75
33.3409090909091   -0.75
17.0454545454545   -0.75
0.75   -0.75
0.75   -6.13636363636364
0.75   -11.5227272727273
0.75   -16.9090909090909
0.75   -22.2954545454545
0.75   -27.6818181818182
0.75   -33.0681818181818
0.75   -38.4545454545455
0.75   -43.8409090909091
0.75   -49.2272727272727
0.75   -54.6136363636364
0.75   -60

0.75   -0.75
17.0454545454546   -0.75
33.3409090909091   -0.75
49.6363636363636   -0.75
65.9318181818182   -0.75
82.2272727272727   -0.75
98.5227272727273   -0.75
114.818181818182   -0.75
131.113636363636   -0.75
147.409090909091   -0.75
163.704545454545   -0.75
180   -0.75
180   -0.681818181818182
180   -0.613636363636364
180   -0.545454545454545
180   -0.477272727272727
180   -0.409090909090909
180   -0.340909090909091
180   -0.272727272727273
180   -0.204545454545454
180   -0.136363636363636
180   -0.068181818181818
180   0
163.704545454545   0
147.409090909091   0
131.113636363636   0
114.818181818182   0
98.5227272727273   0
82.2272727272727   0
65.9318181818182   0
49.6363636363636   0
33.3409090909091   0
17.0454545454545   0
0.75   0
0.75   -0.0681818181818182
0.75   -0.136363636363636
0.75   -0.204545454545455
0.75   -0.272727272727273
0.75   -0.340909090909091
0.75   -0.409090909090909
0.75   -0.477272727272727
0.75   -0.545454545454546
0.75   -0.613636363636364
0.75   -0.681818181818182
0.75   -0.75

# Plot with:
# set size ratio -1
# set xrange [-84:2e+02] 
# set yrange [-72:72] 
# plot "preliminaryHemkerMesh" using 1:2 title 'mesh' with lines lc rgb "red"
# set terminal postscript eps color lw 1 "Helvetica" 20
# set out 'preliminaryHemkerMesh.eps'
# replot
# set term pop
