  120  1.0000E+00
   i   x             den           ener          pres          vel           cs
    1  6.250000E-03  4.044975E-06  1.348409E+05  2.181712E-01  2.976190E-03  2.747924E+02
    2  1.875000E-02  6.305492E-05  8.650046E+03  2.181712E-01  8.928571E-03  6.959904E+01
    3  3.125000E-02  2.261210E-04  2.412107E+03  2.181712E-01  1.488095E-02  3.675296E+01
    4  4.375000E-02  5.243980E-04  1.040103E+03  2.181712E-01  2.083333E-02  2.413416E+01
    5  5.625000E-02  9.829297E-04  5.549007E+02  2.181713E-01  2.678572E-02  1.762794E+01
    6  6.875000E-02  1.623299E-03  3.360004E+02  2.181716E-01  3.273811E-02  1.371715E+01
    7  8.125000E-02  2.464768E-03  2.212907E+02  2.181721E-01  3.869051E-02  1.113206E+01
    8  9.375000E-02  3.524906E-03  1.547367E+02  2.181729E-01  4.464294E-02  9.308735E+00
    9  1.062500E-01  4.819970E-03  1.131616E+02  2.181742E-01  5.059540E-02  7.960558E+00
   10  1.187500E-01  6.365171E-03  8.569139E+01  2.181761E-01  5.654792E-02  6.927278E+00
   11  1.312500E-01  8.174858E-03  6.672256E+01  2.181790E-01  6.250052E-02  6.112662E+00
   12  1.437500E-01  1.026265E-02  5.314973E+01  2.181829E-01  6.845324E-02  5.455625E+00
   13  1.562500E-01  1.264158E-02  4.314895E+01  2.181883E-01  7.440613E-02  4.915629E+00
   14  1.687500E-01  1.532411E-02  3.559674E+01  2.181954E-01  8.035923E-02  4.464771E+00
   15  1.812500E-01  1.832229E-02  2.977309E+01  2.182045E-01  8.631261E-02  4.083250E+00
   16  1.937500E-01  2.164777E-02  2.520077E+01  2.182162E-01  9.226636E-02  3.756652E+00
   17  2.062500E-01  2.531186E-02  2.155421E+01  2.182308E-01  9.822056E-02  3.474242E+00
   18  2.187500E-01  2.932559E-02  1.860567E+01  2.182489E-01  1.041753E-01  3.227875E+00
   19  2.312500E-01  3.369975E-02  1.619234E+01  2.182710E-01  1.101308E-01  3.011264E+00
   20  2.437500E-01  3.844493E-02  1.419548E+01  2.182978E-01  1.160872E-01  2.819481E+00
   21  2.562500E-01  4.357157E-02  1.252707E+01  2.183297E-01  1.220445E-01  2.648615E+00
   22  2.687500E-01  4.909001E-02  1.112078E+01  2.183676E-01  1.280031E-01  2.495523E+00
   23  2.812500E-01  5.501049E-02  9.925938E+00  2.184123E-01  1.339631E-01  2.357653E+00
   24  2.937500E-01  6.134323E-02  8.903365E+00  2.184644E-01  1.399249E-01  2.232909E+00
   25  3.062500E-01  6.809845E-02  8.022393E+00  2.185250E-01  1.458886E-01  2.119561E+00
   26  3.187500E-01  7.528644E-02  7.258774E+00  2.185949E-01  1.518545E-01  2.016163E+00
   27  3.312500E-01  8.291757E-02  6.593148E+00  2.186751E-01  1.578231E-01  1.921500E+00
   28  3.437500E-01  9.100234E-02  6.009920E+00  2.187667E-01  1.637947E-01  1.834545E+00
   29  3.562500E-01  9.955145E-02  5.496424E+00  2.188708E-01  1.697697E-01  1.754422E+00
   30  3.687500E-01  1.085758E-01  5.042294E+00  2.189885E-01  1.757486E-01  1.680382E+00
   31  3.812500E-01  1.180867E-01  4.638989E+00  2.191213E-01  1.817318E-01  1.611780E+00
   32  3.937500E-01  1.280957E-01  4.279421E+00  2.192702E-01  1.877199E-01  1.548056E+00
   33  4.062500E-01  1.386148E-01  3.957675E+00  2.194369E-01  1.937135E-01  1.488724E+00
   34  4.187500E-01  1.496563E-01  3.668784E+00  2.196227E-01  1.997133E-01  1.433359E+00
   35  4.312500E-01  1.612334E-01  3.408556E+00  2.198293E-01  2.057198E-01  1.381590E+00
   36  4.437500E-01  1.733596E-01  3.173435E+00  2.200582E-01  2.117338E-01  1.333088E+00
   37  4.562500E-01  1.860492E-01  2.960389E+00  2.203112E-01  2.177562E-01  1.287563E+00
   38  4.687500E-01  1.993173E-01  2.766822E+00  2.205902E-01  2.237878E-01  1.244757E+00
   39  4.812500E-01  2.131798E-01  2.590502E+00  2.208971E-01  2.298294E-01  1.204442E+00
   40  4.937500E-01  2.276536E-01  2.429501E+00  2.212338E-01  2.358820E-01  1.166413E+00
   41  5.062500E-01  2.427566E-01  2.282148E+00  2.216026E-01  2.419468E-01  1.130488E+00
   42  5.187500E-01  2.585080E-01  2.146990E+00  2.220057E-01  2.480247E-01  1.096501E+00
   43  5.312500E-01  2.749282E-01  2.022759E+00  2.224454E-01  2.541169E-01  1.064305E+00
   44  5.437500E-01  2.920390E-01  1.908343E+00  2.229243E-01  2.602247E-01  1.033766E+00
   45  5.562500E-01  3.098639E-01  1.802767E+00  2.234450E-01  2.663494E-01  1.004763E+00
   46  5.687500E-01  3.284279E-01  1.705170E+00  2.240102E-01  2.724923E-01  9.771875E-01
   47  5.812500E-01  3.477579E-01  1.614793E+00  2.246229E-01  2.786550E-01  9.509386E-01
   48  5.937500E-01  3.678832E-01  1.530962E+00  2.252861E-01  2.848389E-01  9.259259E-01
   49  6.062500E-01  3.888349E-01  1.453079E+00  2.260031E-01  2.910456E-01  9.020666E-01
   50  6.187500E-01  4.106468E-01  1.380611E+00  2.267774E-01  2.972770E-01  8.792851E-01
   51  6.312500E-01  4.333553E-01  1.313083E+00  2.276126E-01  3.035346E-01  8.575117E-01
   52  6.437500E-01  4.569999E-01  1.250069E+00  2.285125E-01  3.098206E-01  8.366830E-01
   53  6.562500E-01  4.816230E-01  1.191187E+00  2.294812E-01  3.161366E-01  8.167402E-01
   54  6.687500E-01  5.072709E-01  1.136094E+00  2.305230E-01  3.224849E-01  7.976294E-01
   55  6.812500E-01  5.339935E-01  1.084482E+00  2.316425E-01  3.288676E-01  7.793009E-01
   56  6.937500E-01  5.618449E-01  1.036072E+00  2.328446E-01  3.352868E-01  7.617086E-01
   57  7.062500E-01  5.908839E-01  9.906110E-01  2.341344E-01  3.417449E-01  7.448102E-01
   58  7.187500E-01  6.211744E-01  9.478721E-01  2.355175E-01  3.482443E-01  7.285660E-01
   59  7.312500E-01  6.527856E-01  9.076478E-01  2.369998E-01  3.547874E-01  7.129395E-01
   60  7.437500E-01  6.857929E-01  8.697499E-01  2.385873E-01  3.613769E-01  6.978968E-01
   61  7.562500E-01  7.202785E-01  8.340071E-01  2.402870E-01  3.680154E-01  6.834062E-01
   62  7.687500E-01  7.563316E-01  8.002632E-01  2.421058E-01  3.747056E-01  6.694381E-01
   63  7.812500E-01  7.940497E-01  7.683755E-01  2.440513E-01  3.814504E-01  6.559652E-01
   64  7.937500E-01  8.335390E-01  7.382135E-01  2.461319E-01  3.882526E-01  6.429615E-01
   65  8.062500E-01  8.749154E-01  7.096576E-01  2.483562E-01  3.951153E-01  6.304033E-01
   66  8.187500E-01  9.183056E-01  6.825982E-01  2.507335E-01  4.020415E-01  6.182678E-01
   67  8.312500E-01  9.638481E-01  6.569346E-01  2.532741E-01  4.090342E-01  6.065339E-01
   68  8.437500E-01  1.011694E+00  6.325740E-01  2.559886E-01  4.160967E-01  5.951818E-01
   69  8.562500E-01  1.062011E+00  6.094310E-01  2.588889E-01  4.232321E-01  5.841929E-01
   70  8.687500E-01  1.114979E+00  5.874269E-01  2.619874E-01  4.304437E-01  5.735495E-01
   71  8.812500E-01  1.170799E+00  5.664888E-01  2.652977E-01  4.377347E-01  5.632351E-01
   72  8.937500E-01  1.229689E+00  5.465496E-01  2.688345E-01  4.451085E-01  5.532339E-01
   73  9.062500E-01  1.291892E+00  5.275468E-01  2.726135E-01  4.525682E-01  5.435313E-01
   74  9.187500E-01  1.357674E+00  5.094227E-01  2.766519E-01  4.601171E-01  5.341130E-01
   75  9.312500E-01  1.427325E+00  4.921235E-01  2.809681E-01  4.677585E-01  5.249659E-01
   76  9.437500E-01  1.501170E+00  4.755994E-01  2.855823E-01  4.754955E-01  5.160772E-01
   77  9.562500E-01  1.579566E+00  4.598039E-01  2.905162E-01  4.833312E-01  5.074349E-01
   78  9.687500E-01  1.662906E+00  4.446937E-01  2.957935E-01  4.912687E-01  4.990275E-01
   79  9.812500E-01  1.751627E+00  4.302283E-01  3.014398E-01  4.993108E-01  4.908440E-01
   80  9.937500E-01  1.846214E+00  4.163701E-01  3.074833E-01  5.074603E-01  4.828739E-01
   81  1.006250E+00  1.947204E+00  4.030835E-01  3.139544E-01  5.157198E-01  4.751071E-01
   82  1.018750E+00  2.055196E+00  3.903356E-01  3.208864E-01  5.240917E-01  4.675339E-01
   83  1.031250E+00  2.170854E+00  3.780952E-01  3.283158E-01  5.325783E-01  4.601449E-01
   84  1.043750E+00  2.294921E+00  3.663331E-01  3.362822E-01  5.411815E-01  4.529310E-01
   85  1.056250E+00  2.428226E+00  3.550218E-01  3.448293E-01  5.499032E-01  4.458837E-01
   86  1.068750E+00  2.571698E+00  3.441356E-01  3.540050E-01  5.587446E-01  4.389942E-01
   87  1.081250E+00  2.726375E+00  3.336498E-01  3.638618E-01  5.677071E-01  4.322544E-01
   88  1.093750E+00  2.893426E+00  3.235416E-01  3.744575E-01  5.767915E-01  4.256563E-01
   89  1.106250E+00  3.074165E+00  3.137892E-01  3.858559E-01  5.859983E-01  4.191920E-01
   90  1.118750E+00  3.270074E+00  3.043719E-01  3.981274E-01  5.953277E-01  4.128538E-01
   91  1.131250E+00  3.482825E+00  2.952702E-01  4.113498E-01  6.047796E-01  4.066341E-01
   92  1.143750E+00  3.714315E+00  2.864656E-01  4.256095E-01  6.143533E-01  4.005256E-01
   93  1.156250E+00  3.966696E+00  2.779406E-01  4.410023E-01  6.240481E-01  3.945209E-01
   94  1.168750E+00  4.242414E+00  2.696784E-01  4.576350E-01  6.338626E-01  3.886128E-01
   95  1.181250E+00  4.544264E+00  2.616633E-01  4.756268E-01  6.437953E-01  3.827942E-01
   96  1.193750E+00  4.875441E+00  2.538801E-01  4.951109E-01  6.538443E-01  3.770581E-01
   97  1.206250E+00  5.239610E+00  2.463145E-01  5.162368E-01  6.640072E-01  3.713975E-01
   98  1.218750E+00  5.640991E+00  2.389529E-01  5.391725E-01  6.742815E-01  3.658055E-01
   99  1.231250E+00  1.000000E+00  0.000000E+00  0.000000E+00  0.000000E+00  0.000000E+00
  100  1.243750E+00  1.000000E+00  0.000000E+00  0.000000E+00  0.000000E+00  0.000000E+00
  101  1.256250E+00  1.000000E+00  0.000000E+00  0.000000E+00  0.000000E+00  0.000000E+00
  102  1.268750E+00  1.000000E+00  0.000000E+00  0.000000E+00  0.000000E+00  0.000000E+00
  103  1.281250E+00  1.000000E+00  0.000000E+00  0.000000E+00  0.000000E+00  0.000000E+00
  104  1.293750E+00  1.000000E+00  0.000000E+00  0.000000E+00  0.000000E+00  0.000000E+00
  105  1.306250E+00  1.000000E+00  0.000000E+00  0.000000E+00  0.000000E+00  0.000000E+00
  106  1.318750E+00  1.000000E+00  0.000000E+00  0.000000E+00  0.000000E+00  0.000000E+00
  107  1.331250E+00  1.000000E+00  0.000000E+00  0.000000E+00  0.000000E+00  0.000000E+00
  108  1.343750E+00  1.000000E+00  0.000000E+00  0.000000E+00  0.000000E+00  0.000000E+00
  109  1.356250E+00  1.000000E+00  0.000000E+00  0.000000E+00  0.000000E+00  0.000000E+00
  110  1.368750E+00  1.000000E+00  0.000000E+00  0.000000E+00  0.000000E+00  0.000000E+00
  111  1.381250E+00  1.000000E+00  0.000000E+00  0.000000E+00  0.000000E+00  0.000000E+00
  112  1.393750E+00  1.000000E+00  0.000000E+00  0.000000E+00  0.000000E+00  0.000000E+00
  113  1.406250E+00  1.000000E+00  0.000000E+00  0.000000E+00  0.000000E+00  0.000000E+00
  114  1.418750E+00  1.000000E+00  0.000000E+00  0.000000E+00  0.000000E+00  0.000000E+00
  115  1.431250E+00  1.000000E+00  0.000000E+00  0.000000E+00  0.000000E+00  0.000000E+00
  116  1.443750E+00  1.000000E+00  0.000000E+00  0.000000E+00  0.000000E+00  0.000000E+00
  117  1.456250E+00  1.000000E+00  0.000000E+00  0.000000E+00  0.000000E+00  0.000000E+00
  118  1.468750E+00  1.000000E+00  0.000000E+00  0.000000E+00  0.000000E+00  0.000000E+00
  119  1.481250E+00  1.000000E+00  0.000000E+00  0.000000E+00  0.000000E+00  0.000000E+00
  120  1.493750E+00  1.000000E+00  0.000000E+00  0.000000E+00  0.000000E+00  0.000000E+00
